# Radial distribution function
# Model: uniform Equation: $\sum_i\/\frac{1}{2\pi r_i \sigma} exp\left(\frac{-(r-r_i)^2}{2 \sigma^2}\right)$
# sigma = 5.39%, L = 6.64 nm
# r (nm)	g(r)
8.680555555555555247e-02 0.000000000000000000e+00
2.604166666666666852e-01 0.000000000000000000e+00
4.340277777777777901e-01 0.000000000000000000e+00
6.076388888888889506e-01 0.000000000000000000e+00
7.812500000000000000e-01 0.000000000000000000e+00
9.548611111111111605e-01 0.000000000000000000e+00
1.128472222222222321e+00 0.000000000000000000e+00
1.302083333333333481e+00 0.000000000000000000e+00
1.475694444444444420e+00 0.000000000000000000e+00
1.649305555555555580e+00 0.000000000000000000e+00
1.822916666666666741e+00 1.864230347164076360e-02
1.996527777777777901e+00 0.000000000000000000e+00
2.170138888888888840e+00 0.000000000000000000e+00
2.343750000000000000e+00 0.000000000000000000e+00
2.517361111111111160e+00 0.000000000000000000e+00
2.690972222222222321e+00 0.000000000000000000e+00
2.864583333333333481e+00 0.000000000000000000e+00
3.038194444444444642e+00 0.000000000000000000e+00
3.211805555555555802e+00 1.058076683525556970e-02
3.385416666666666963e+00 0.000000000000000000e+00
3.559027777777778123e+00 0.000000000000000000e+00
3.732638888888888840e+00 9.104380765219908730e-03
3.906250000000000000e+00 8.699741620099022896e-03
4.079861111111111605e+00 0.000000000000000000e+00
4.253472222222222321e+00 7.989558630703186629e-03
4.427083333333333925e+00 0.000000000000000000e+00
4.600694444444444642e+00 0.000000000000000000e+00
4.774305555555555358e+00 2.135391124933396292e-02
4.947916666666666963e+00 0.000000000000000000e+00
5.121527777777777679e+00 1.327079230184596836e-02
5.295138888888889284e+00 0.000000000000000000e+00
5.468750000000000000e+00 1.242820231442717631e-02
5.642361111111111605e+00 6.625187849152332220e-02
5.815972222222222321e+00 1.577639711704524328e-01
5.989583333333333925e+00 3.659565224976436548e-01
6.163194444444444642e+00 1.334368820322230365e+00
6.336805555555555358e+00 3.512669647293407138e+00
6.510416666666666963e+00 6.391700168286752692e+00
6.684027777777777679e+00 6.273982495637645762e+00
6.857638888888889284e+00 3.989216964406165911e+00
7.031250000000000000e+00 1.744781513808748796e+00
7.204861111111111605e+00 6.862838344288957337e-01
7.378472222222222321e+00 3.154935711053557523e-01
7.552083333333333925e+00 1.484955897223798893e-01
7.725694444444444642e+00 8.137679661497120021e-02
7.899305555555556246e+00 3.656759527129534865e-02
8.072916666666667851e+00 4.630507636504319763e-02
8.246527777777778567e+00 4.945116289319444192e-02
8.420138888888889284e+00 1.230968595215042455e-01
8.593750000000000000e+00 3.341491667719851955e-01
8.767361111111110716e+00 6.957639894688104620e-01
8.940972222222223209e+00 1.518442766750778716e+00
9.114583333333333925e+00 2.861593582896857502e+00
9.288194444444444642e+00 3.715480772752103977e+00
9.461805555555555358e+00 3.291734805201229186e+00
9.635416666666667851e+00 2.553491729575010805e+00
9.809027777777778567e+00 1.425641287169767013e+00
9.982638888888889284e+00 6.740408507398458759e-01
1.015625000000000000e+01 2.793955481839494048e-01
1.032986111111111072e+01 1.233681847387991803e-01
1.050347222222222321e+01 4.853161647575900822e-02
1.067708333333333393e+01 6.206522985070644233e-02
1.085069444444444464e+01 2.818716284912083439e-02
1.102430555555555536e+01 3.082585613420913990e-03
1.119791666666666785e+01 1.213917435362654555e-02
1.137152777777777857e+01 1.643653474026342265e-02
1.154513888888888928e+01 8.830564802356151086e-03
1.171875000000000000e+01 1.594952630351487849e-02
1.189236111111111072e+01 1.285910713919746241e-02
1.206597222222222321e+01 2.253170491536437767e-02
1.223958333333333393e+01 4.720072581117555621e-02
1.241319444444444464e+01 9.308115159966087737e-02
1.258680555555555536e+01 2.875414600987901137e-01
1.276041666666666785e+01 7.230550560786381808e-01
1.293402777777777857e+01 1.614561108387840838e+00
1.310763888888888928e+01 2.548563381225698254e+00
1.328125000000000000e+01 2.792872934805318952e+00
1.345486111111111249e+01 2.177180499636394373e+00
1.362847222222222321e+01 1.272960601068310771e+00
1.380208333333333393e+01 7.066488240476659355e-01
1.397569444444444464e+01 6.334330505690113355e-01
1.414930555555555536e+01 1.001537739270909055e+00
1.432291666666666785e+01 1.805591828971460977e+00
1.449652777777777857e+01 2.891622203458961149e+00
1.467013888888888928e+01 3.756203530559618198e+00
1.484375000000000000e+01 3.877108535167814285e+00
1.501736111111111249e+01 3.440798098272979555e+00
1.519097222222222321e+01 2.433939141257418726e+00
1.536458333333333393e+01 1.302749444297879089e+00
1.553819444444444464e+01 7.206447981676997738e-01
1.571180555555555536e+01 3.028086862244411814e-01
1.588541666666666785e+01 1.625853351952932235e-01
1.605902777777777857e+01 8.993651809967234678e-02
1.623263888888888928e+01 5.652505918941343188e-02
1.640625000000000000e+01 3.314187283847246784e-02
1.657986111111111072e+01 2.152161212301983637e-02
1.675347222222222143e+01 2.535546456635077994e-02
1.692708333333333570e+01 1.405342877092919524e-02
1.710069444444444642e+01 8.942627807462194198e-03
1.727430555555555713e+01 1.082003040690707706e-02
1.744791666666666785e+01 3.213710523842549377e-02
1.762152777777777857e+01 1.051040212970091314e-01
1.779513888888888928e+01 2.014732845922931892e-01
1.796875000000000000e+01 3.565002816062317614e-01
1.814236111111111072e+01 6.284418617676794661e-01
1.831597222222222143e+01 8.766741999874667624e-01
1.848958333333333570e+01 1.129434765961447207e+00
1.866319444444444642e+01 1.275523745207309378e+00
1.883680555555555713e+01 1.222273606648705213e+00
1.901041666666666785e+01 1.155695128231647661e+00
1.918402777777777857e+01 9.884638555687171868e-01
1.935763888888888928e+01 1.034020859375446522e+00
1.953125000000000000e+01 1.329320519551130841e+00
1.970486111111111072e+01 1.700473725479267451e+00
1.987847222222222143e+01 1.896752618941022206e+00
2.005208333333333570e+01 1.688823219044547352e+00
2.022569444444444642e+01 1.401293145932688278e+00
2.039930555555555713e+01 1.559289859738599793e+00
2.057291666666666785e+01 2.049119521468260707e+00
2.074652777777777857e+01 2.427555517340602265e+00
2.092013888888888928e+01 2.651074790788681579e+00
2.109375000000000000e+01 2.439955311785179326e+00
2.126736111111111072e+01 1.897520174792006742e+00
2.144097222222222143e+01 1.185559930900944137e+00
2.161458333333333570e+01 7.389539568879290865e-01
2.178819444444444642e+01 4.000668033864261397e-01
2.196180555555555713e+01 2.205023444224702978e-01
2.213541666666666785e+01 1.005587781382034085e-01
2.230902777777777857e+01 7.768835415613718764e-02
2.248263888888888928e+01 8.464613468204455760e-02
2.265625000000000000e+01 1.312461020273559542e-01
2.282986111111111072e+01 2.441220272103832301e-01
2.300347222222222143e+01 4.949003959358217464e-01
2.317708333333333570e+01 7.514524011742835796e-01
2.335069444444444642e+01 1.108246825155179582e+00
2.352430555555555713e+01 1.497334680868888324e+00
2.369791666666666785e+01 1.682109382479585857e+00
2.387152777777777857e+01 1.689806176863961173e+00
2.404513888888888928e+01 1.697391826203074494e+00
2.421875000000000000e+01 1.343548806652389516e+00
2.439236111111111072e+01 1.162622943732272596e+00
2.456597222222222143e+01 8.431525204426357778e-01
2.473958333333333570e+01 4.498682179866994590e-01
2.491319444444444642e+01 3.082800427749374794e-01
2.508680555555555713e+01 1.225941098541635799e-01
2.526041666666666785e+01 8.610053562159858398e-02
2.543402777777777857e+01 9.085736982082939783e-02
2.560763888888888928e+01 7.962475381107581018e-02
2.578125000000000000e+01 1.990395431265079562e-01
2.595486111111111072e+01 4.261855029444831522e-01
2.612847222222222143e+01 7.654182971902736554e-01
2.630208333333333570e+01 1.175111139130702531e+00
2.647569444444444642e+01 1.416417768852679337e+00
2.664930555555555713e+01 1.594008032998599722e+00
2.682291666666666785e+01 1.794004970979643288e+00
2.699652777777777857e+01 2.032340765447730568e+00
2.717013888888888928e+01 2.288893681837554706e+00
2.734375000000000000e+01 2.304810119210519925e+00
2.751736111111111072e+01 2.066737514371000728e+00
2.769097222222222499e+01 1.837786327349288040e+00
2.786458333333333570e+01 1.471435270745253154e+00
2.803819444444444642e+01 1.115681260862389390e+00
2.821180555555555713e+01 9.492087318421890130e-01
2.838541666666666785e+01 8.236819588937790426e-01
2.855902777777777857e+01 7.954710555824585638e-01
2.873263888888888928e+01 8.385657292726869105e-01
2.890625000000000000e+01 9.446273502364278540e-01
2.907986111111111072e+01 1.088571401076122047e+00
2.925347222222222499e+01 1.206411499291625056e+00
2.942708333333333570e+01 1.320551487953526504e+00
2.960069444444444642e+01 1.374227514271653794e+00
2.977430555555555713e+01 1.248653877427040593e+00
2.994791666666666785e+01 1.114890801097472739e+00
3.012152777777777857e+01 9.065155839444682950e-01
3.029513888888888928e+01 6.825807304079125615e-01
3.046875000000000000e+01 4.695629771873960911e-01
3.064236111111111072e+01 2.828032155542105075e-01
3.081597222222222499e+01 1.665204065030221614e-01
3.098958333333333570e+01 9.156660822835316349e-02
3.116319444444444642e+01 6.979179906931809452e-02
3.133680555555555713e+01 4.175153007429795171e-02
3.151041666666666785e+01 8.142526764266233563e-02
3.168402777777777857e+01 1.174465118713367839e-01
3.185763888888888928e+01 2.112117107222950818e-01
3.203125000000000000e+01 3.028995405534476437e-01
3.220486111111111427e+01 5.102011544455646863e-01
3.237847222222222143e+01 7.777289123919622904e-01
3.255208333333333570e+01 1.160371537288807708e+00
3.272569444444444287e+01 1.517147248841937301e+00
3.289930555555555713e+01 1.825224155467477294e+00
