# r (nm)	g(r)
3.444475062000550841e-02 0.000000000000000000e+00
1.033342518600165322e-01 0.000000000000000000e+00
1.722237531000275490e-01 0.000000000000000000e+00
2.411132543400385797e-01 0.000000000000000000e+00
3.100027555800495827e-01 0.000000000000000000e+00
3.788922568200606134e-01 0.000000000000000000e+00
4.477817580600716441e-01 0.000000000000000000e+00
5.166712593000826192e-01 0.000000000000000000e+00
5.855607605400936500e-01 0.000000000000000000e+00
6.544502617801046807e-01 0.000000000000000000e+00
7.233397630201157114e-01 0.000000000000000000e+00
7.922292642601267421e-01 0.000000000000000000e+00
8.611187655001377728e-01 0.000000000000000000e+00
9.300082667401488035e-01 0.000000000000000000e+00
9.988977679801598342e-01 0.000000000000000000e+00
1.067787269220170865e+00 0.000000000000000000e+00
1.136676770460181896e+00 0.000000000000000000e+00
1.205566271700192926e+00 0.000000000000000000e+00
1.274455772940203957e+00 0.000000000000000000e+00
1.343345274180214988e+00 0.000000000000000000e+00
1.412234775420226018e+00 0.000000000000000000e+00
1.481124276660237049e+00 0.000000000000000000e+00
1.550013777900248080e+00 0.000000000000000000e+00
1.618903279140259110e+00 0.000000000000000000e+00
1.687792780380270141e+00 0.000000000000000000e+00
1.756682281620281172e+00 0.000000000000000000e+00
1.825571782860291981e+00 0.000000000000000000e+00
1.894461284100303011e+00 0.000000000000000000e+00
1.963350785340314042e+00 0.000000000000000000e+00
2.032240286580325073e+00 0.000000000000000000e+00
2.101129787820336325e+00 0.000000000000000000e+00
2.170019289060347134e+00 0.000000000000000000e+00
2.238908790300358387e+00 5.769460991011310380e-01
2.307798291540369195e+00 0.000000000000000000e+00
2.376687792780380448e+00 0.000000000000000000e+00
2.445577294020391257e+00 5.281900907263874512e-01
2.514466795260402510e+00 0.000000000000000000e+00
2.583356296500413318e+00 0.000000000000000000e+00
2.652245797740424571e+00 0.000000000000000000e+00
2.721135298980435380e+00 0.000000000000000000e+00
2.790024800220446188e+00 0.000000000000000000e+00
2.858914301460457441e+00 0.000000000000000000e+00
2.927803802700468250e+00 0.000000000000000000e+00
2.996693303940479503e+00 2.155258416182385950e-01
3.065582805180490311e+00 0.000000000000000000e+00
3.134472306420501564e+00 4.121043565008078446e-01
3.203361807660512373e+00 0.000000000000000000e+00
3.272251308900523625e+00 0.000000000000000000e+00
3.341140810140534434e+00 3.866133653770465473e-01
3.410030311380545687e+00 0.000000000000000000e+00
3.478919812620556495e+00 0.000000000000000000e+00
3.547809313860567748e+00 0.000000000000000000e+00
3.616698815100578557e+00 0.000000000000000000e+00
3.685588316340589810e+00 0.000000000000000000e+00
3.754477817580600618e+00 3.440504260694817740e-01
3.823367318820611871e+00 3.378513192934550768e-01
3.892256820060622680e+00 3.318716499254293351e-01
3.961146321300633932e+00 0.000000000000000000e+00
4.030035822540645185e+00 3.205256106117394532e-01
4.098925323780655994e+00 0.000000000000000000e+00
4.167814825020666802e+00 3.099297226576323006e-01
4.236704326260677611e+00 0.000000000000000000e+00
4.305593827500689308e+00 0.000000000000000000e+00
4.374483328740700117e+00 2.952873735556969526e-01
4.443372829980710925e+00 2.907092747408799305e-01
4.512262331220721734e+00 0.000000000000000000e+00
4.581151832460732543e+00 0.000000000000000000e+00
4.650041333700744239e+00 4.166832937952613114e-01
4.718930834940755048e+00 0.000000000000000000e+00
4.787820336180765857e+00 0.000000000000000000e+00
4.856709837420776665e+00 0.000000000000000000e+00
4.925599338660788362e+00 2.622482268641504466e-01
4.994488839900799171e+00 5.172620198837726280e-01
5.063378341140809979e+00 0.000000000000000000e+00
5.132267842380820788e+00 0.000000000000000000e+00
5.201157343620832485e+00 2.483542810700232750e-01
5.270046844860843294e+00 0.000000000000000000e+00
5.338936346100854102e+00 1.209725691663661729e-01
5.407825847340864911e+00 4.777260693194078089e-01
5.476715348580876608e+00 2.358584681859969279e-01
5.545604849820887416e+00 4.658570986530871094e-01
5.614494351060898225e+00 0.000000000000000000e+00
5.683383852300909034e+00 2.272817966155970815e-01
5.752273353540920731e+00 6.736795767947337810e-01
5.821162854780931539e+00 4.438046916162545763e-01
5.890052356020942348e+00 4.386139934686960618e-01
5.958941857260953157e+00 2.167716557316388126e-01
6.027831358500964853e+00 2.142942653804200959e-01
6.096720859740975662e+00 4.237457225036554975e-01
6.165610360980986471e+00 5.237639167817529362e-01
6.234499862220997279e+00 8.287623522999670866e-01
6.303389363461008976e+00 6.147786301897297800e-01
6.372278864701019785e+00 5.067769789401825875e-01
6.441168365941030594e+00 7.018996660187555303e-01
6.510057867181041402e+00 2.678678317255251073e+00
6.578947368421052211e+00 1.472571849800007104e+00
6.647836869661063908e+00 1.554466173743979773e+00
6.716726370901074716e+00 1.153892198202262076e+00
6.785615872141085525e+00 2.760262428440690474e+00
6.854505373381096334e+00 1.884497308621784883e+00
6.923394874621108031e+00 2.238895309944687551e+00
6.992284375861118839e+00 2.586310099418863029e+00
7.061173877101129648e+00 4.481886160090493121e+00
7.130063378341140456e+00 2.717499742143008490e+00
7.198952879581152153e+00 3.498943447898007264e+00
7.267842380821162962e+00 3.821242528406779027e+00
7.336731882061173771e+00 2.112760362905550249e+00
7.405621383301184579e+00 1.395404518756223622e+00
7.474510884541196276e+00 2.851496273207202670e+00
7.543400385781207085e+00 2.140496372235930700e+00
7.612289887021217893e+00 1.781745306047610278e+00
7.681179388261228702e+00 2.354354036690713858e+00
7.750068889501240399e+00 1.583396516421992972e+00
7.818958390741251208e+00 2.395470037016810938e+00
7.887847891981262016e+00 2.210786908127696293e+00
7.956737393221272825e+00 1.298753123517697672e+00
8.025626894461284522e+00 1.368080342289162532e+00
8.094516395701294442e+00 3.191616718431788402e-01
8.163405896941306139e+00 3.955854055018303006e-01
8.232295398181317836e+00 1.098370188665333202e+00
8.301184899421327756e+00 1.478274755995636180e+00
8.370074400661339453e+00 3.858178646252418686e-01
8.438963901901349374e+00 9.949376606948073798e-01
8.507853403141361071e+00 9.868814853045663193e-01
8.576742904381372767e+00 5.271294680542462086e-01
8.645632405621382688e+00 8.964501141411994611e-01
8.714521906861394385e+00 3.705681466558647386e-01
8.783411408101406082e+00 3.676617298193481376e-01
8.852300909341416002e+00 8.025612078935966398e-01
8.921190410581427699e+00 7.239671127716894583e-01
8.990079911821437619e+00 5.747355776486362533e-01
9.058969413061449316e+00 1.283321171004416561e+00
9.127858914301461013e+00 1.132120647292785387e+00
9.196748415541470933e+00 1.053412821392514465e+00
9.265637916781482630e+00 1.324402290687540562e+00
9.334527418021494327e+00 1.107055245507705621e+00
9.403416919261504248e+00 9.615768318352183597e-01
9.472306420501515944e+00 9.545835457855076367e-01
9.541195921741525865e+00 7.446145502839507380e-01
9.610085422981537562e+00 1.411346640274272035e+00
9.678974924221549259e+00 1.201115544392034273e+00
9.747864425461559179e+00 1.060112973613385412e+00
9.816753926701570876e+00 1.447426178446697076e+00
9.885643427941582573e+00 9.800042624104576827e-01
9.954532929181592493e+00 6.488148173282615172e-01
1.002342243042160419e+01 1.417582339715837358e+00
1.009231193166161411e+01 9.599359157399365294e-01
1.016120143290162581e+01 1.080551592384321635e+00
1.023009093414163750e+01 1.010141318291542634e+00
1.029898043538164742e+01 1.505076780263820080e+00
1.036786993662165912e+01 1.245896891746628432e+00
1.043675943786166904e+01 9.282548624151860661e-01
1.050564893910168074e+01 1.229557260379459338e+00
1.057453844034169244e+01 1.588011249968910743e+00
1.064342794158170236e+01 1.092276595385636373e+00
1.071231744282171405e+01 1.145544103520734325e+00
1.078120694406172575e+01 6.589719822001736116e-01
1.085009644530173567e+01 8.333665875905225118e-01
1.091898594654174737e+01 1.005560630136829170e+00
1.098787544778175729e+01 4.702381998943387376e-01
1.105676494902176898e+01 1.343511554760421722e+00
1.112565445026178068e+01 5.805185207673918546e-01
1.119454395150179060e+01 4.038622693707916711e-01
1.126343345274180230e+01 2.867086883912348116e-01
1.133232295398181400e+01 5.129384011765374396e-01
1.140121245522182392e+01 6.797854339862268169e-01
1.147010195646183561e+01 1.689256596467275384e-01
1.153899145770184553e+01 4.477790619889374657e-01
1.160788095894185723e+01 2.782010121778450418e-01
1.167677046018186893e+01 3.318716499254293351e-01
1.174565996142187885e+01 6.048628458318310308e-01
1.181454946266189054e+01 2.186676177351224992e-01
1.188343896390190046e+01 3.804499639000211153e-01
1.195232846514191216e+01 2.701836919421722882e-01
1.202121796638192386e+01 4.298165781269170371e-01
1.209010746762193378e+01 3.205256106117394532e-01
1.215899696886194548e+01 3.187096014864604920e-01
1.222788647010195717e+01 3.697330635084712935e-01
1.229677597134196709e+01 2.626155212995344157e-01
1.236566547258197879e+01 4.700744679305871587e-01
1.243455497382198871e+01 4.674701772495312713e-01
1.250344447506200041e+01 2.066198151050882004e-01
1.257233397630201210e+01 4.109753034692987250e-01
1.264122347754202202e+01 1.532758710146056302e-01
1.271011297878203372e+01 5.081503582869039137e-01
1.277900248002204542e+01 3.032466019534246215e-01
1.284789198126205534e+01 1.508103074057916271e-01
1.291678148250206704e+01 6.000239430651762573e-01
1.298567098374207696e+01 5.968407921735837673e-01
1.305456048498208865e+01 3.463198879828688348e-01
1.312344998622210035e+01 4.429310603335454566e-01
1.319233948746211027e+01 9.791513431220238983e-02
1.326122898870212197e+01 7.792518741106183588e-01
1.333011848994213366e+01 6.783216410620531711e-01
1.339900799118214358e+01 5.302268134412707612e-01
1.346789749242215528e+01 8.632058004454261635e-01
1.353678699366216520e+01 1.192795688345213545e+00
1.360567649490217690e+01 5.696429839226356817e-01
1.367456599614218860e+01 8.973909727832454220e-01
1.374345549738219852e+01 8.928927724184171355e-01
1.381234499862221021e+01 7.949195006318575674e-01
1.388123449986222013e+01 1.442365247752827706e+00
1.395012400110223183e+01 1.064857306365667666e+00
1.401901350234224353e+01 1.704613474616978097e+00
1.408790300358225345e+01 1.146133754326818854e+00
1.415679250482226514e+01 1.824890337789465189e+00
1.422568200606227684e+01 1.407441149744284248e+00
1.429457150730228676e+01 2.394673869160717672e+00
1.436346100854229846e+01 1.259043046000069888e+00
1.443235050978230838e+01 1.700545184701424350e+00
1.450124001102232008e+01 1.915159556992471535e+00
1.457012951226233177e+01 1.462824329281236624e+00
1.463901901350234169e+01 2.294209194072732494e+00
1.470790851474235339e+01 1.976074168466988024e+00
1.477679801598236509e+01 1.748321512427669200e+00
1.484568751722237501e+01 2.479797328503120735e+00
1.491457701846238670e+01 1.342432320656788747e+00
1.498346651970239662e+01 1.336260218033079372e+00
1.505235602094240832e+01 1.330144610627893353e+00
1.512124552218242002e+01 9.396730315656234289e-01
1.519013502342242994e+01 1.955860358630818086e+00
1.525902452466244164e+01 9.311883992264304855e-01
1.532791402590245333e+01 1.811870052795125252e+00
1.539680352714246325e+01 1.426231408292505165e+00
1.546569302838247495e+01 1.169311693055744339e+00
1.553458252962248487e+01 1.787765351427562432e+00
1.560347203086249657e+01 1.076201884636767359e+00
1.567236153210250826e+01 1.607206990353150511e+00
1.574125103334251818e+01 1.395022843559627468e+00
1.581014053458252988e+01 1.470646919277392772e+00
1.587903003582253980e+01 1.423592598107454199e+00
1.594791953706255150e+01 1.862925309192636769e+00
1.601680903830256142e+01 1.330698260830028179e+00
1.608569853954257312e+01 1.204544853583731756e+00
1.615458804078258481e+01 1.599210935674777012e+00
1.622347754202259651e+01 1.831283265724396481e+00
1.629236704326260821e+01 1.070338693364148996e+00
1.636125654450261635e+01 9.868814853045662083e-01
1.643014604574262805e+01 1.022053362139320187e+00
1.649903554698263974e+01 1.565824486078225997e+00
1.656792504822265144e+01 1.442365247752827706e+00
1.663681454946266314e+01 6.987856479796306086e-01
1.670570405070267128e+01 1.121178759593435048e+00
1.677459355194268298e+01 9.625640770424416237e-01
1.684348305318269468e+01 1.265387916740210450e+00
1.691237255442270637e+01 1.145666897400412720e+00
1.698126205566271807e+01 1.026917245357489739e+00
1.705015155690272977e+01 7.954862881545897713e-01
1.711904105814273791e+01 7.545572724662678032e-01
1.718793055938274961e+01 7.139563450800568978e-01
1.725682006062276130e+01 1.085372651502626740e+00
1.732570956186277300e+01 5.591674419717721500e-01
1.739459906310278470e+01 4.826925284558966633e-01
1.746348856434279284e+01 7.766582103284457306e-01
1.753237806558280454e+01 5.525760772334015192e-01
1.760126756682281624e+01 4.770249058125790587e-01
1.767015706806282793e+01 8.041256546926094373e-01
1.773904656930283963e+01 7.281843969237574710e-01
1.780793607054284777e+01 6.890990642068633987e-01
1.787682557178285947e+01 7.948294043493423500e-01
1.794571507302287117e+01 2.519294386670005714e-01
1.801460457426288286e+01 4.660797836906841463e-01
1.808349407550289456e+01 6.071670852445235633e-01
1.815238357674290270e+01 7.471835154393203782e-01
1.822127307798291440e+01 2.481195416739268578e-01
1.829016257922292610e+01 3.884335789616842893e-01
1.835905208046293779e+01 3.517964018909335300e-01
1.842794158170294949e+01 5.257219127323389252e-01
1.849683108294296119e+01 4.190111334254023601e-01
1.856572058418296933e+01 5.218204514133605310e-01
1.863461008542298103e+01 7.278478976645506027e-01
1.870349958666299273e+01 5.179764701874794985e-01
1.877238908790300442e+01 4.128605112833781399e-01
1.884127858914301612e+01 2.399547304305435225e-01
1.891016809038302426e+01 5.464698935019819404e-01
1.897905759162303596e+01 3.403039604498503956e-01
1.904794709286304766e+01 4.747024866021963829e-01
1.911683659410305935e+01 7.432729024456010691e-01
1.918572609534307105e+01 6.396125964002662423e-01
1.925461559658307920e+01 6.037808013849044197e-01
1.932350509782309089e+01 6.350520787788741517e-01
1.939239459906310259e+01 6.327961211277947084e-01
1.946128410030311429e+01 4.978074748881439748e-01
1.953017360154312598e+01 5.291216429146176070e-01
1.959906310278313413e+01 1.219292942300720606e+00
1.966795260402314582e+01 8.537993935909907739e-01
1.973684210526315752e+01 9.817145665333381066e-01
1.980573160650316922e+01 4.239299597743092507e-01
1.987462110774318091e+01 6.174423157624755465e-01
1.994351060898319261e+01 4.533859673419940450e-01
2.001240011022320076e+01 1.000470214878467212e+00
2.008128961146321245e+01 6.754128861689914221e-01
2.015017911270322415e+01 5.769460991011308160e-01
2.021906861394323585e+01 7.985838254168123873e-01
2.028795811518324754e+01 1.050551258550021849e+00
2.035684761642325569e+01 7.297245500475387781e-01
2.042573711766326738e+01 9.169843143386442463e-01
2.049462661890327908e+01 9.454158766783239409e-01
2.056351612014329078e+01 9.422486543108923307e-01
2.063240562138330247e+01 8.451923238084180223e-01
2.070129512262331062e+01 6.551842140374739554e-01
2.077018462386332232e+01 9.328730458102864054e-01
2.083907412510333401e+01 1.084754029301713052e+00
2.090796362634334571e+01 8.031621972659896969e-01
2.097685312758335741e+01 1.447102079436744848e+00
2.104574262882336555e+01 1.012724535656240654e+00
2.111463213006337725e+01 1.804721280630373181e+00
2.118352163130338894e+01 2.042764440313353802e+00
2.125241113254340064e+01 1.306778239049968482e+00
2.132130063378341234e+01 1.120804013197269855e+00
2.139019013502342403e+01 1.660694286865171287e+00
2.145907963626343218e+01 1.715558023410666211e+00
2.152796913750344387e+01 1.410056266203163933e+00
2.159685863874345557e+01 1.465369478179507245e+00
2.166574813998346727e+01 1.102985189458044690e+00
2.173463764122347897e+01 1.842387305370489781e+00
2.180352714246348711e+01 1.599589895612140378e+00
2.187241664370349881e+01 1.181149494222787810e+00
2.194130614494351050e+01 1.648417426003231379e+00
2.201019564618352220e+01 1.731289741825381423e+00
2.207908514742353390e+01 1.404112191260162623e+00
2.214797464866354204e+01 1.982971818061429969e+00
2.221686414990355374e+01 1.569830083600751269e+00
2.228575365114356543e+01 1.478034249242850873e+00
2.235464315238357713e+01 1.242345413703899393e+00
2.242353265362358883e+01 1.440149632932930857e+00
2.249242215486360053e+01 1.435738761162844934e+00
2.256131165610360867e+01 1.202338053851975008e+00
2.263020115734362037e+01 1.227217920081933977e+00
2.269909065858363206e+01 1.308853441815160723e+00
2.276798015982364376e+01 1.134689756174690478e+00
2.283686966106365546e+01 1.131266860982609757e+00
2.290575916230366360e+01 1.522617148755616379e+00
2.297464866354367530e+01 9.276981878350271105e-01
2.304353816478368699e+01 8.128127031432227367e-01
2.311242766602369869e+01 7.265565629514987300e-01
2.318131716726371039e+01 1.281626178538173511e+00
2.325020666850371853e+01 5.277988388073309167e-01
2.331909616974373023e+01 1.024782399068109306e+00
2.338798567098374193e+01 1.104609615362990072e+00
2.345687517222375362e+01 1.073831395904087493e+00
2.352576467346376532e+01 1.043233429560610270e+00
2.359465417470377346e+01 9.580674273394692575e-01
2.366354367594378516e+01 7.096353038434580762e-01
2.373243317718379686e+01 9.797197909264487858e-01
2.380132267842380855e+01 8.412057812509254884e-01
2.387021217966382025e+01 1.271695766777745540e+00
2.393910168090383195e+01 7.284463337571833730e-01
2.400799118214384009e+01 1.102985189458044468e+00
2.407688068338385179e+01 8.315782472738049158e-01
2.414577018462386349e+01 6.419657022808590296e-01
2.421465968586387518e+01 6.134668692433790094e-01
2.428354918710388688e+01 7.979041796079471283e-01
2.435243868834389502e+01 7.426038899321488751e-01
2.442132818958390672e+01 8.727428650013583367e-01
2.449021769082391842e+01 6.329366488029285476e-01
2.455910719206393011e+01 7.363547688387506174e-01
2.462799669330394181e+01 7.867446805924512843e-01
2.469688619454394996e+01 5.753367654913650320e-01
2.476577569578396165e+01 6.780520914331787941e-01
2.483466519702397335e+01 6.501646401104979045e-01
2.490355469826398505e+01 8.558432797869475195e-01
2.497244419950399674e+01 9.827978377791680709e-01
2.504133370074400489e+01 4.900470649173980786e-01
2.511022320198401658e+01 8.487993021755323442e-01
2.517911270322402828e+01 8.208261875036609867e-01
2.524800220446403998e+01 8.697482121510912156e-01
2.531689170570405167e+01 1.122493771040295796e+00
2.538578120694406337e+01 7.378177725954083721e-01
2.545467070818407151e+01 7.611941090982445868e-01
2.552356020942408321e+01 6.579209902030441759e-01
2.559244971066409491e+01 6.309134663790967323e-01
2.566133921190410661e+01 1.006751582324121097e+00
2.573022871314411830e+01 7.028392907389949817e-01
2.579911821438412645e+01 8.762031878872315049e-01
2.586800771562413814e+01 8.988374646449045491e-01
2.593689721686414984e+01 7.719431538438106255e-01
2.600578671810416154e+01 6.208857026750581598e-01
2.607467621934417323e+01 3.715471906364615218e-01
2.614356572058418138e+01 8.152499226429023027e-01
2.621245522182419307e+01 7.145488809498237170e-01
2.628134472306420477e+01 6.389507912718945803e-01
2.635023422430421647e+01 7.598342416266529176e-01
2.641912372554422817e+01 4.889373721196024758e-01
2.648801322678423631e+01 7.071153425264187220e-01
2.655690272802424801e+01 9.971215007162866906e-01
2.662579222926425970e+01 3.881138053461683501e-01
2.669468173050427140e+01 5.322793043320112050e-01
2.676357123174428310e+01 5.791736902173516555e-01
2.683246073298429479e+01 4.332650423288338382e-01
2.690135023422430294e+01 9.603456195025226183e-01
2.697023973546431463e+01 8.381560507375943603e-01
2.703912923670432633e+01 8.360206213089634852e-01
2.710801873794433803e+01 8.577216466941843809e-01
2.717690823918434972e+01 6.654257923726606405e-01
2.724579774042435787e+01 7.585637712581243530e-01
2.731468724166436957e+01 8.275866175630975929e-01
2.738357674290438126e+01 7.075754045579908391e-01
2.745246624414439296e+01 8.940130895732707472e-01
2.752135574538440466e+01 9.621785695272303540e-01
2.759024524662441280e+01 1.240686211862294552e+00
2.765913474786442450e+01 9.106839110967415163e-01
2.772802424910443619e+01 9.084213423735199022e-01
2.779691375034444789e+01 1.092051011619550760e+00
2.786580325158445959e+01 6.953305891515485504e-01
2.793469275282447128e+01 8.554595365833663756e-01
2.800358225406447943e+01 9.456096888711648107e-01
2.807247175530449113e+01 9.893032803605283920e-01
2.814136125654450282e+01 8.032756275734840301e-01
2.821025075778451452e+01 9.844715183074853604e-01
2.827914025902452622e+01 1.758596361754665605e+00
2.834802976026453436e+01 8.885530748610979135e-01
2.841691926150454606e+01 1.477331678001380766e+00
2.848580876274455775e+01 1.110987500385188786e+00
2.855469826398456945e+01 1.470203419000168044e+00
2.862358776522458115e+01 1.466665023286569447e+00
2.869247726646458929e+01 8.103564657242775526e-01
2.876136676770460099e+01 1.302447181803152221e+00
2.883025626894461269e+01 1.433748967897673143e+00
2.889914577018462438e+01 1.452680136294564273e+00
2.896803527142463608e+01 1.047901505799022193e+00
2.903692477266464422e+01 1.045415381230103913e+00
2.910581427390465592e+01 1.220462901944700418e+00
2.917470377514466762e+01 1.438959426624721427e+00
2.924359327638467931e+01 1.391398277867568423e+00
2.931248277762469101e+01 1.255925556503930451e+00
2.938137227886470271e+01 1.362891429881335270e+00
2.945026178010471085e+01 1.118465683345174710e+00
2.951915128134472255e+01 1.444048287715199219e+00
2.958804078258473425e+01 1.593486170101784616e+00
2.965693028382474594e+01 1.001782134908467903e+00
2.972581978506475764e+01 7.821864842970142062e-01
2.979470928630476578e+01 9.321181196460469609e-01
2.986359878754477748e+01 1.124612350035653074e+00
2.993248828878478918e+01 1.229910988014781603e+00
3.000137779002480087e+01 1.356253889678031843e+00
3.007026729126481257e+01 1.546453461508185745e+00
3.013915679250482071e+01 1.071471326902100341e+00
3.020804629374483241e+01 1.090408391402650556e+00
3.027693579498484411e+01 8.959401880239407090e-01
3.034582529622485580e+01 8.300558236216611929e-01
3.041471479746486750e+01 8.494110179291849416e-01
3.048360429870487565e+01 8.898660172576766669e-01
3.055249379994488734e+01 9.512780946284149497e-01
3.062138330118489904e+01 4.851149708415021244e-01
3.069027280242491074e+01 1.367899701853130034e+00
3.075916230366492243e+01 7.979041796079470172e-01
3.082805180490493413e+01 1.131330060248586511e+00
3.089694130614494227e+01 9.406729876648873834e-01
3.096583080738495397e+01 1.272297710197989096e+00
3.103472030862496567e+01 7.283864458685199716e-01
3.110360980986497736e+01 1.162837098963519722e+00
3.117249931110498906e+01 7.873242346849688156e-01
3.124138881234499721e+01 9.509751027080383112e-01
3.131027831358500890e+01 8.663712049208404098e-01
3.137916781482502060e+01 8.027213837658436768e-01
3.144805731606503230e+01 1.006338075376288055e+00
3.151694681730504399e+01 9.631531872972433073e-01
3.158583631854505214e+01 9.815004521240614510e-01
3.165472581978506383e+01 9.793644337298849090e-01
3.172361532102507553e+01 6.922100320377304605e-01
3.179250482226508723e+01 7.719701326001049413e-01
3.186139432350509892e+01 8.513853246195067781e-01
3.193028382474510707e+01 8.495484630777172530e-01
3.199917332598511877e+01 8.073519147809152807e-01
3.206806282722513401e+01 7.250557851217220851e-01
3.213695232846514216e+01 6.632097441435831353e-01
3.220584182970515030e+01 6.818453898467912166e-01
