# Radial distribution function
# Model: uniform Equation: $\sum_i\/\frac{1}{2\pi r_i \sigma} exp\left(\frac{-(r-r_i)^2}{2 \sigma^2}\right)$
# sigma = 5.45%, L = 6.64 nm
# r (nm)	g(r)
8.680555555555555247e-02 0.000000000000000000e+00
2.604166666666666852e-01 0.000000000000000000e+00
4.340277777777777901e-01 0.000000000000000000e+00
6.076388888888889506e-01 0.000000000000000000e+00
7.812500000000000000e-01 0.000000000000000000e+00
9.548611111111111605e-01 0.000000000000000000e+00
1.128472222222222321e+00 0.000000000000000000e+00
1.302083333333333481e+00 0.000000000000000000e+00
1.475694444444444420e+00 0.000000000000000000e+00
1.649305555555555580e+00 0.000000000000000000e+00
1.822916666666666741e+00 0.000000000000000000e+00
1.996527777777777901e+00 0.000000000000000000e+00
2.170138888888888840e+00 0.000000000000000000e+00
2.343750000000000000e+00 0.000000000000000000e+00
2.517361111111111160e+00 0.000000000000000000e+00
2.690972222222222321e+00 0.000000000000000000e+00
2.864583333333333481e+00 0.000000000000000000e+00
3.038194444444444642e+00 0.000000000000000000e+00
3.211805555555555802e+00 0.000000000000000000e+00
3.385416666666666963e+00 0.000000000000000000e+00
3.559027777777778123e+00 0.000000000000000000e+00
3.732638888888888840e+00 9.295712290255522120e-03
3.906250000000000000e+00 0.000000000000000000e+00
4.079861111111111605e+00 0.000000000000000000e+00
4.253472222222222321e+00 0.000000000000000000e+00
4.427083333333333925e+00 0.000000000000000000e+00
4.600694444444444642e+00 0.000000000000000000e+00
4.774305555555555358e+00 7.267556881472497961e-03
4.947916666666666963e+00 7.012554885631358884e-03
5.121527777777777679e+00 0.000000000000000000e+00
5.295138888888889284e+00 6.552715220999793741e-03
5.468750000000000000e+00 6.344692515571228805e-03
5.642361111111111605e+00 5.534524086659825537e-02
5.815972222222222321e+00 1.163351456026754244e-01
5.989583333333333925e+00 4.460594694642902036e-01
6.163194444444444642e+00 1.413079193644053877e+00
6.336805555555555358e+00 3.619342882547022633e+00
6.510416666666666963e+00 6.440751160256976249e+00
6.684027777777777679e+00 6.133298896756969043e+00
6.857638888888889284e+00 3.981977210310595705e+00
7.031250000000000000e+00 1.848067936618886353e+00
7.204861111111111605e+00 7.320093437242177759e-01
7.378472222222222321e+00 3.221237711876192567e-01
7.552083333333333925e+00 1.745884354284772677e-01
7.725694444444444642e+00 6.512220913454287718e-02
7.899305555555556246e+00 5.270975320628405042e-02
8.072916666666667851e+00 4.942720137130489355e-02
8.246527777777778567e+00 4.207532931378814289e-02
8.420138888888889284e+00 1.504084581397529818e-01
8.593750000000000000e+00 2.725333830552186254e-01
8.767361111111110716e+00 7.816221448019307072e-01
8.940972222222223209e+00 1.575578108381367803e+00
9.114583333333333925e+00 2.978833136060691444e+00
9.288194444444444642e+00 3.632929427081871054e+00
9.461805555555555358e+00 3.344409662152848739e+00
9.635416666666667851e+00 2.617957314465566121e+00
9.809027777777778567e+00 1.457370256054573598e+00
9.982638888888889284e+00 6.430207936433275373e-01
1.015625000000000000e+01 2.818507636724911225e-01
1.032986111111111072e+01 1.326787170167983421e-01
1.050347222222222321e+01 5.781011155716759414e-02
1.067708333333333393e+01 3.249720556755994472e-02
1.085069444444444464e+01 2.398293770885924492e-02
1.102430555555555536e+01 1.573683576696800757e-02
1.119791666666666785e+01 1.239428305367402949e-02
1.137152777777777857e+01 1.373068952797284678e-02
1.154513888888888928e+01 1.352421299371761934e-02
1.171875000000000000e+01 1.480428253633286548e-02
1.189236111111111072e+01 2.188224243509055006e-02
1.206597222222222321e+01 1.581608601903187333e-02
1.223958333333333393e+01 4.252293920010503936e-02
1.241319444444444464e+01 7.267556881472497787e-02
1.258680555555555536e+01 3.128808540178763531e-01
1.276041666666666785e+01 7.314524085808543630e-01
1.293402777777777857e+01 1.652515618418041621e+00
1.310763888888888928e+01 2.512120075685145615e+00
1.328125000000000000e+01 2.888141354808702932e+00
1.345486111111111249e+01 2.164911420063154512e+00
1.362847222222222321e+01 1.236063296990569382e+00
1.380208333333333393e+01 7.478955941704009680e-01
1.397569444444444464e+01 6.020561484884436876e-01
1.414930555555555536e+01 1.021359259278106002e+00
1.432291666666666785e+01 1.884719751261867859e+00
1.449652777777777857e+01 2.949997078459981825e+00
1.467013888888888928e+01 3.816219920438302271e+00
1.484375000000000000e+01 3.970274824414954384e+00
1.501736111111111249e+01 3.382564624833327205e+00
1.519097222222222321e+01 2.443975556998037479e+00
1.536458333333333393e+01 1.461107410323157163e+00
1.553819444444444464e+01 6.743805575489283388e-01
1.571180555555555536e+01 3.400895402545416890e-01
1.588541666666666785e+01 1.146725163674963827e-01
1.605902777777777857e+01 8.642500075264593351e-02
1.623263888888888928e+01 5.985046843565584862e-02
1.640625000000000000e+01 3.172346257785613882e-02
1.657986111111111072e+01 3.453040769600152632e-02
1.675347222222222143e+01 1.863958889289578716e-02
1.692708333333333570e+01 2.152314922589932192e-02
1.710069444444444642e+01 1.014506671271541566e-02
1.727430555555555713e+01 2.309914435945404493e-02
1.744791666666666785e+01 4.772723922161043603e-02
1.762152777777777857e+01 1.142044652802821081e-01
1.779513888888888928e+01 1.764598262318505528e-01
1.796875000000000000e+01 3.620612576820538275e-01
1.814236111111111072e+01 6.454738019728862852e-01
1.831597222222222143e+01 8.799426987176238724e-01
1.848958333333333570e+01 1.175689395508631829e+00
1.866319444444444642e+01 1.294892722032593868e+00
1.883680555555555713e+01 1.189936847920358920e+00
1.901041666666666785e+01 1.199146885442962107e+00
1.918402777777777857e+01 9.992890712024683486e-01
1.935763888888888928e+01 1.032449336345510060e+00
1.953125000000000000e+01 1.324391115700338295e+00
1.970486111111111072e+01 1.745894474180171629e+00
1.987847222222222143e+01 1.842357405509529533e+00
2.005208333333333570e+01 1.758056617041918512e+00
2.022569444444444642e+01 1.378418487057825548e+00
2.039930555555555713e+01 1.628628571364022948e+00
2.057291666666666785e+01 2.059294440402049009e+00
2.074652777777777857e+01 2.473554035662679507e+00
2.092013888888888928e+01 2.598151585126418084e+00
2.109375000000000000e+01 2.519195411599309153e+00
2.126736111111111072e+01 1.888452408027522011e+00
2.144097222222222143e+01 1.274396993638775344e+00
2.161458333333333570e+01 7.504701056821750926e-01
2.178819444444444642e+01 4.005118747528618184e-01
2.196180555555555713e+01 2.211865137839456041e-01
2.213541666666666785e+01 1.034558097244908520e-01
2.230902777777777857e+01 8.865288258138628863e-02
2.248263888888888928e+01 8.488169716777725637e-02
2.265625000000000000e+01 1.332385428269958205e-01
2.282986111111111072e+01 2.652105595814915895e-01
2.300347222222222143e+01 4.773962128838962204e-01
2.317708333333333570e+01 7.889518210092896222e-01
2.335069444444444642e+01 1.139709617267350650e+00
2.352430555555555713e+01 1.464640660817787765e+00
2.369791666666666785e+01 1.737225616090444902e+00
2.387152777777777857e+01 1.718050446780098550e+00
2.404513888888888928e+01 1.711417817250725504e+00
2.421875000000000000e+01 1.422643795991471283e+00
2.439236111111111072e+01 1.125178157040786608e+00
2.456597222222222143e+01 8.418039384263903413e-01
2.473958333333333570e+01 4.880738200399424853e-01
2.491319444444444642e+01 2.681019459323695786e-01
2.508680555555555713e+01 1.473000499419555576e-01
2.526041666666666785e+01 7.623442398864192782e-02
2.543402777777777857e+01 8.662778979024811365e-02
2.560763888888888928e+01 9.959016506221209097e-02
2.578125000000000000e+01 1.729409369017066711e-01
2.595486111111111072e+01 4.558629742876812441e-01
2.612847222222222143e+01 7.848237090772876012e-01
2.630208333333333570e+01 1.158911483896196248e+00
2.647569444444444642e+01 1.433078818832654644e+00
2.664930555555555713e+01 1.609929559012185374e+00
2.682291666666666785e+01 1.850463451592402997e+00
2.699652777777777857e+01 2.022355438632905678e+00
2.717013888888888928e+01 2.365729079108719546e+00
2.734375000000000000e+01 2.247924558266885864e+00
2.751736111111111072e+01 2.147368187076093005e+00
2.769097222222222499e+01 1.821901328562243183e+00
2.786458333333333570e+01 1.529130192444400294e+00
2.803819444444444642e+01 1.131083852729481309e+00
2.821180555555555713e+01 9.562427727506699338e-01
2.838541666666666785e+01 8.397695313958358776e-01
2.855902777777777857e+01 7.812071401619297140e-01
2.873263888888888928e+01 8.706796620386463292e-01
2.890625000000000000e+01 9.638788278385372887e-01
2.907986111111111072e+01 1.084004920820826889e+00
2.925347222222222499e+01 1.250742226211279506e+00
2.942708333333333570e+01 1.301728772398260014e+00
2.960069444444444642e+01 1.372044408026380502e+00
2.977430555555555713e+01 1.313934026566510704e+00
2.994791666666666785e+01 1.127313931918842327e+00
3.012152777777777857e+01 8.967683480474023527e-01
3.029513888888888928e+01 6.803182903086145705e-01
3.046875000000000000e+01 4.965128604493176390e-01
3.064236111111111072e+01 2.768568588204006753e-01
3.081597222222222499e+01 1.683309477687538191e-01
3.098958333333333570e+01 9.573021354376590186e-02
3.116319444444444642e+01 5.567070034554143232e-02
3.133680555555555713e+01 7.861443108628837773e-02
3.151041666666666785e+01 6.772041639553919024e-02
3.168402777777777857e+01 1.352462468969916065e-01
3.185763888888888928e+01 1.971349557358547666e-01
3.203125000000000000e+01 3.255136757683921300e-01
3.220486111111111427e+01 5.149974943771212788e-01
3.237847222222222143e+01 7.769271599161283737e-01
3.255208333333333570e+01 1.181026443618490740e+00
3.272569444444444287e+01 1.560163255463588694e+00
3.289930555555555713e+01 1.842488662153786372e+00
3.307291666666667140e+01 2.235155240101689866e+00
